8954c316UD64
1000
26
80
31
7
43
71
28
37
75
74
75
2
67
70
10
3
36
94
34
99
53
0
4
57
87
53
46
29
97
42
81
24
45
12
76
26
44
27
13
90
37
82
20
0
96
35
42
5
41
7
42
22
25
34
26
10
70
23
75
55
40
60
58
41
80
44
54
24
95
1
23
45
71
33
0
57
85
60
21
23
22
95
28
17
34
36
75
38
97
22
28
89
80
44
26
14
28
67
81
56
23
51
64
53
33
79
85
66
2
14
66
36
30
7
94
76
38
24
61
94
19
21
79
11
55
16
39
41
76
69
44
70
86
20
60
39
70
17
98
56
58
40
51
76
27
51
79
51
26
99
8
97
60
38
36
57
73
58
54
16
23
24
47
11
44
70
44
90
49
6
95
79
45
50
88
34
9
56
25
18
51
61
12
98
55
58
11
67
13
30
97
17
47
0
16
2
95
79
79
54
33
29
70
30
74
33
12
75
81
86
35
26
24
22
31
10
57
23
55
67
57
63
45
72
12
76
80
0
43
28
48
24
45
97
77
90
4
16
24
22
37
87
18
76
62
1
20
70
19
76
37
5
93
69
33
87
76
42
60
32
42
23
17
76
93
86
16
58
67
19
78
77
23
40
65
26
50
68
38
65
74
35
25
94
76
10
60
7
81
21
82
33
97
36
22
4
98
20
29
69
9
24
0
37
35
92
83
93
40
27
61
46
29
74
54
84
31
13
97
15
75
93
58
60
32
75
80
44
98
87
45
43
46
25
56
52
59
43
34
45
53
33
18
24
79
9
5
65
25
77
58
21
77
36
28
6
10
37
97
83
75
73
2
4
75
43
69
40
11
21
17
22
81
74
46
68
52
16
22
58
65
33
58
20
92
7
24
76
28
33
34
93
43
8
10
20
41
20
23
43
39
69
8
29
58
2
39
19
7
76
53
45
57
51
51
53
52
63
96
82
30
54
75
66
41
41
99
67
16
32
76
62
7
57
1
0
67
21
3
87
36
36
93
71
48
97
40
13
83
5
84
49
55
24
86
21
34
76
98
9
8
60
73
85
87
53
63
45
80
81
8
22
92
14
45
93
99
58
51
25
90
99
30
10
46
2
90
31
8
52
51
26
33
53
99
44
81
24
37
44
5
86
13
28
77
99
2
5
59
68
50
21
74
68
39
1
29
25
84
40
60
48
89
56
77
27
71
43
16
28
21
27
22
15
29
56
4
51
31
69
11
74
8
53
85
24
22
32
4
51
73
59
73
41
37
14
93
60
12
94
27
10
60
23
37
96
76
57
78
14
83
49
36
45
69
40
91
26
29
63
39
21
32
68
74
17
34
18
6
46
28
62
33
62
13
26
7
52
56
81
47
26
93
4
76
49
4
69
63
62
10
96
22
61
65
80
93
26
0
32
41
74
53
48
43
63
20
29
59
64
14
79
89
18
41
95
46
82
73
19
83
34
60
65
7
68
32
72
31
32
9
25
3
65
89
49
83
80
59
51
70
89
73
77
36
57
18
74
23
96
66
98
93
78
92
47
34
85
46
44
51
86
30
14
4
64
11
50
91
92
6
28
81
11
75
1
78
3
31
63
77
59
16
38
81
42
6
71
40
83
13
66
59
78
37
56
10
8
50
18
11
42
87
64
47
94
53
20
6
27
92
96
37
61
62
23
56
69
22
47
95
70
52
75
33
62
8
38
80
52
50
31
14
91
74
7
91
61
89
11
36
16
30
90
9
86
62
21
39
3
65
26
41
90
58
70
67
31
37
29
77
15
6
5
23
73
14
77
52
60
57
24
1
50
51
19
35
49
19
14
2
30
1
29
4
66
76
45
71
81
1
93
69
12
2
14
45
5
87
50
97
37
0
78
41
70
60
20
57
74
16
52
20
99
45
96
1
34
18
56
46
50
66
57
85
26
34
1
54
85
21
58
92
21
45
92
29
99
57
23
31
1
10
92
35
11
95
64
73
4
92
50
21
59
33
33
64
33
9
43
10
65
34
74
52
89
35
8
34
96
63
45
5
74
8
31
72
66
80
97
84
67
50
74
6
96
86
90
42
46
7
94
2
67
78
61
41
13
34
93
21
87
11
89
73
36
78
73
15
13
41
53
95
34
32
9
63
42
84
67
52
0
94
28
89
13
51
66
40
48
22
95
12
44
39
73
80
89
93
39
41
19
30
57
4
25
93
5
94
17
78
1
36
78
20
60
2
45
96
39
31
57
65
41
24
52
18
89
17
34
57
64
72
44
54
35
63
86
99
5
